4.06973256103261
2.21715671934449
0.466925935956236
0.597254068182464
-1.15048300578809
-2.87783634757616
-1.21931761418417
0.193428827004578
-0.380236888880627
0.66133171669506
1.87962015656875
-0.248109726496058
-1.9495773893784
-1.18058004698346
-1.86853260173103
-2.5337086977695
0.121237338626072
2.21835401804034
1.72708620829301
2.60335994229515
3.40737810426199
0.844445993516957
-1.03626383094342
-0.395779256930108
-1.09213535225781
-1.9903856391138
0.245880532302975
1.66700409640862
0.370783579449573
0.356163541288526
0.723153973673674
-1.77955702020242
-3.1940663295979
-1.6196109724852
-1.22158313794718
-1.1727187693742
1.61040701019303
3.19896419055293
1.83704175139743
1.67252229015445
1.8897696059234
-0.488936351784131
-1.80367941258178
-0.238531021587435
-0.00718203623240545
-0.487228793918786
1.36344556002173
2.05774005494453
-0.208142304695871
-0.947314309095237
-0.718715146173063
-2.72488112279452
-3.26328793982038
-0.776224122251224
0.213672175963461
0.147024353310519
2.28535473432764
3.05199889922078
0.878901069157399
0.291568328812005
0.837182274588954
-0.896563244669067
-1.26003509318289
0.97971137731879
1.30783481555494
0.33074754477968
1.45590203964153
1.25030526149629
-1.52518423248506
-2.18537968399068
-1.39909814154727
-2.43514462043359
-2.29445956103111
0.476582043395684
1.27533748251001
0.53961199686545
1.82612961843371
1.95807210739675
-0.351676763310742
-0.559273963221111
0.752735062827195
-0.147463089750108
-0.178017456850255
2.0406372737086
1.92930136134378
0.206275119305756
0.49587315402893
0.16622758339951
-2.40956896613696
-2.48024654723647
-0.965118746509978
-1.48661162425969
-1.22847610500857
1.17111670644909
1.3335748884789
-0.102333617715988
0.755144571893563
1.04378582597272
-0.743384412849916
-0.358235375584375
1.44949538100671
0.879877643167166
0.524173602971626
2.2475555331793
1.49467278786327
-0.654068831603904
-0.423999254706797
-0.372817620526378
-2.33142858621348
-1.97816454402008
-0.139808718002838
-0.712318805903385
-0.939335173113436
1.00745164216053
0.722480059409983
-0.843315482511724
0.203415103452356
0.942327004969799
-0.342030903492573
0.301637228460927
2.18788924157648
1.29213753456093
0.440507053224415
1.68032238388374
0.894742297659123
-1.24502315867206
-0.620071763928431
-0.167037932588238
-1.83273368969962
-1.43824149127701
0.267853204789498
-0.631222133477007
-1.30966517699568
0.384655176500381
0.238586634108485
-1.04140579762256
0.364290909415693
1.41570409356168
0.171894871221341
0.641221664748335
2.20463603497539
1.03067403458985
0.0173714473779559
1.24942383839627
0.629355634861796
-1.15956718533763
-0.317114034163256
0.306851582477025
-1.45539086393786
-1.38978487226252
0.018944310981117
-0.984725651924418
-1.66061576222667
0.224023962363435
0.447688655678822
-0.681682687046144
0.701715840187147
1.63657673679539
0.12991598703978
0.347477501863117
1.77804866506172
0.660114945814187
-0.151772798804218
1.41427978835014
1.07226485448769
-0.726035836241983
-0.151932405849433
0.224237733469018
-1.83651636206711
-1.90704825394008
-0.360702682955927
-1.05368285818462
-1.36415823911137
0.676630811513546
0.934770362981731
-0.427907217341707
0.633045355174576
1.26990047043872
-0.306616120945985
-0.0982071481418575
1.72614488733292
0.953323135828696
0.375148904715851
1.84241752813523
1.37125253797859
-0.890646206058976
-0.567439373386926
-0.38475011308689
-2.23605336432867
-2.02903597396008
-0.0328755035106768
-0.440040115259798
-0.742876269175778
1.03058648629831
0.902435788584996
-0.865569681667625
-0.0919654071350095
0.677267102543754
-0.545648327168377
0.201625923312436
2.30457404175452
1.72867550095456
0.900286808674676
1.91815259123793
0.862091052093793
-1.67855942737988
-1.40873580494919
-0.808147937279061
-2.11355094726325
-1.45288334471404
0.812044563646251
0.314657685872017
-0.510507139976747
0.72836369709904
0.110843670187655
-1.83013289104386
-0.72465461604484
0.716227381271498
0.0882919110187311
1.10543981643142
3.2453965929746
2.23443904717006
0.67944325023249
1.0426638752294
-0.186340087971816
-2.50341623356221
-1.7252513098909
-0.367770436970607
-1.17750781656266
-0.30893838945096
1.51941767773788
0.384435249515704
-1.17374617010531
-0.369941418868085
-0.8673358598274
-2.25750198970841
-0.516584180624303
1.61640770337076
1.30895970952342
2.01921963970789
3.50868043975447
1.77111851045962
-0.485358990122532
-0.1705510836569
-0.909539248789359
-2.52051260462341
-0.945243548112206
0.891348997871037
0.0411035015551459
0.226740796827481
1.2315108605551
-0.632664156916382
-2.53998765436537
-1.45254801793655
-1.14400838847912
-1.67184189009803
0.764079120964686
3.03238237024947
2.15892333653459
2.05044051612618
2.6384025339991
0.364739559911393
-1.75752886723604
-0.79675769989789
-0.57484414734265
-1.41360472860155
0.480898478804581
2.07174596493258
0.435312429012712
-0.470003159999251
-0.0626467805495795
-2.06743601786023
-3.50633016943822
-1.45579446869315
-0.254120434649606
-0.174028982245096
2.07448243444742
3.71691714200865
1.89750167940121
0.856403875855858
1.05035597906056
-0.85232715001144
-2.12779296660153
-0.254166120933859
0.723229039702422
0.101052285527171
1.41477521471295
2.10393650816939
-0.537394642278416
-1.92599086467038
-1.46611404585072
-2.71851274913878
-3.21873630545161
-0.290385311909662
1.34138475280681
1.1314062641015
2.44525197648772
3.1416035058293
0.511076791395158
-0.698715814299059
0.00394700210264839
-0.857436472142763
-1.23938303311138
1.27940370230707
2.20326992926914
0.90236764862576
1.11047952672665
0.858154528689593
-2.10629336606963
-3.25492622498322
-1.99473004737102
-2.13432246395158
-1.78610038990738
1.22945574903577
2.50573012504589
1.21822635422957
1.57389012356364
1.64597747906831
-0.851935055038955
-1.48887870051981
0.249210067464871
0.239430523919965
0.284798122307803
2.52921246218242
2.67235529711212
0.271230909239697
-0.283628996575966
-0.646783550290018
-3.1725215337225
-3.45508953835381
-1.12017090165071
-0.660915446803876
-0.377799145799495
1.97961172699576
2.30383418725715
0.130345896033015
0.0492483791416492
0.344364626029596
-1.33727814524765
-1.02068761059417
1.54953799704304
1.79697741425856
1.29797567026203
2.62341748666465
1.91983830569627
-1.04171379278795
-1.63030170638327
-1.46575578193238
-2.90204113332906
-2.42828891568419
0.335657209258585
0.620780074816839
0.125372807497094
1.54321866049818
1.13428989162012
-1.20692743666442
-0.954929125186513
0.176649640793095
-0.525127493818747
0.258974863130325
2.79516034755022
2.50110032191069
1.18250864443066
1.66089057622737
0.560846816225963
-2.18011905696354
-2.19074656391894
-1.02023730498265
-1.84231080379447
-1.13603586818804
1.21249559111762
0.796569674848276
-0.524078583746925
0.37376987407295
0.00751273916765209
-1.85236785444754
-0.784892033256647
1.10883548204142
0.616114306733619
1.22513477586151
3.17625045621961
2.12366155590553
0.154913002665414
0.440073632339788
-0.154827617459522
-2.36845574897133
-1.55992071540567
-0.0266712986660949
-0.825830252244394
-0.624683445948892
1.07950818263086
0.0628616666918375
-1.55518156518594
-0.498084641079279
-0.256822166276159
-1.48662650276645
0.0486780101815284
2.10797305413576
1.32133425943249
1.30472085911437
2.58037696351004
1.23370002917175
-0.678441822198619
-0.0226835295359431
-0.0561985945723765
-1.63599882108109
-0.80795084832013
0.693300772268255
-0.541664731089554
-0.975299755631992
0.373867447152636
-0.705080388094879
-2.06342845519766
-0.561254721260382
0.252449768103858
-0.730374443517198
0.651181632463039
2.39488334285428
1.13810161049976
0.726427999928543
1.94836585731119
0.763111857668698
-0.825023391592314
0.241899509269309
0.578817912115799
-1.05173906313675
-0.42904606199113
0.595202954999779
-0.979728222826091
-1.55621531895815
-0.0978161182753186
-0.742507128141945
-1.8369750108452
-0.0360343415554857
0.76671666991758
-0.379521546810924
0.590324428920406
2.1049173984981
0.688781406810035
0.327124816667716
1.75407605686981
0.974882555205001
-0.423923924953413
0.653350111938888
0.752348261194204
-1.12348472568031
-0.807014242438111
0.242178444507842
-1.30174259886719
-1.70767284510966
-0.00291121074746398
-0.398703638187129
-1.42273301221677
0.154492601531019
0.733401250508525
-0.669588057318884
0.172421695656469
1.77661244259582
0.754605971841442
0.49614846860566
2.15205771444836
1.3540153460498
-0.277920798580378
0.499325408561459
0.495375806516713
-1.50719904358718
-1.14529558590401
0.14089835514098
-1.02107725071241
-1.27938671023412
0.41546067157576
-0.21168856454899
-1.54289126975329
-0.260686797913363
0.362513863851772
-0.910623179305332
0.243851779278696
2.14489406364383
1.21637233594144
0.906157925662765
2.25090159488945
1.22225071028559
-0.845417149719152
-0.053736777940492
0.0518354959429063
-1.55440402034967
-0.796850829834098
0.746041580417653
-0.420315690471193
-0.974446806219778
0.302981280297556
-0.674851818745821
-2.25785601869626
-0.790733440248303
0.173522908591103
-0.568188286452143
0.856285272157678
2.84592778546081
1.75649277871014
0.898289630095852
1.7749160419137
0.370410981882664
-1.46932150664531
-0.434219140598904
0.269655806354865
-0.810752141904739
0.0565271105501909
1.35684143792864
-0.249750667897716
-1.51409581256723
-0.597767585732611
-1.47371428030221
-2.75592182830729
-0.684430653415782
0.955764562222238
0.483930824593156
1.65112289151158
3.17462545442402
1.39576560803046
-0.0562937606816857
0.668720683340847
-0.272623559896535
-1.58983907603486
0.141121883764474
1.37251772698921
0.164917008089892
0.534495067352607
1.20847332651189
-1.03540065328827
-2.62684752969583
-1.54076814076643
-1.82292260661377
-2.24810894956861
0.261605795706678
2.13656346713256
1.29338482825905
1.72621492341278
2.48056132864228
0.224707569564571
-1.19968825284898
0.0934456676209102
-0.0393755264963144
-0.706752938489699
1.38157018711996
2.42788688225351
0.4741784735054
-0.0336649059626973
0.0989620749513444
-2.34436983980572
-3.52062385116059
-1.66084088108384
-0.987379502509936
-0.903743125968463
1.59662865386571
2.87633306065161
1.07729452464817
0.723446494908249
1.08570750285525
-0.899796949953236
-1.64016182126947
0.536517052970035
1.212146562746
0.685174926919428
2.26808915592845
2.50174345382376
-0.285684076915434
-1.48288519246118
-1.36052848345068
-3.10379505389825
-3.37559243561086
-0.566798790910627
0.517126283681665
0.347797341969549
1.99807717682474
2.29917761747209
-0.209475913790433
-0.841995006630787
0.0554047464413996
-0.963726044497509
-0.77817270418337
1.99780189885706
2.66633017202393
1.52155320100216
2.06128419817114
1.38422980916974
-1.84992554312189
-2.81849853154042
-1.83844418379703
-2.52853241962926
-2.02369858867955
0.929886654701098
1.69675254792441
0.460643262979127
1.11492916608303
0.834435187413159
-1.63407506963141
-1.65943595135015
0.225135290977163
0.122277615991173
0.74645066273001
3.31537967001718
3.15499764582421
0.97598409098315
0.693139941637364
-0.214977714939543
-2.95146584285373
-3.03291463269015
-1.01227333991671
-0.98925423140956
-0.507154958196657
1.78227078179344
1.49974270543753
-0.600164321154401
-0.457053072552874
-0.499412266848217
-2.19963425533879
-1.14141547964176
1.57633404001707
1.71370576984663
1.87161293293111
3.55143730702466
2.3696735363928
-0.441825006817735
-0.852728101037676
-1.04216153905295
-2.85726041072896
-1.95674409998853
0.564494230789518
0.329005490255559
0.0282553271750125
1.32213290320062
0.295240599505793
-2.12787466009914
-1.54415724138607
-0.706242034665136
-1.41198784911356
0.194305615078928
2.95140003701603
2.61773125136548
1.78789023553326
2.49624340256836
0.994909170993757
-1.77230276092922
-1.4030827199005
-0.722718478350672
-1.64466654312091
-0.609116673945229
1.60135688000819
0.577489488431747
-0.687327905180245
-0.00173023754647005
-0.977896424470399
-2.88695609076786
-1.53670606494918
0.273395482640849
0.0135273287872918
1.42103227219097
3.50181377379766
2.25740470018425
0.734633610150122
1.18390649023386
0.0155672638034501
-2.00120399716719
-0.871284507782031
0.540765515931736
-0.402425964668359
0.161627066547049
1.46643336028734
-0.144604327510786
-1.92095775812836
-1.06215163554903
-1.45851488211653
-2.56033300351577
-0.576906537558441
1.51055986276419
0.926930460397173
1.56489002218275
2.98627004007025
1.20787024968095
-0.468700511688317
0.421684811993924
0.00787454693233303
-1.27830097438762
0.178381891606001
1.49806626621156
-0.00283887232924374
-0.140115122581424
0.627955589721238
-1.18080763929706
-2.66097444861387
-1.23529012584446
-0.926513621416646
-1.64150087750516
0.394283711184041
2.08484944651874
0.875037282526685
0.9647302199093
2.00868697325079
0.519140029526245
-0.799743264711031
0.73952031304083
0.827157608124421
-0.386024177576388
0.774310841497826
1.51492068461253
-0.42219376000424
-0.965257349352314
-0.155793199780841
-1.56848685609571
-2.52507525537884
-0.696221073222592
-0.116471883870693
-0.938048640487705
0.577531491201299
1.83455912080042
0.314573563663826
0.248612612491648
1.5312930543652
0.50551674339125
-0.32476964292946
1.3176649052892
1.33989381401197
-0.130977965882465
0.608588829537325
1.00861313999853
-0.995473961246425
-1.45993562362518
-0.250000249922389
-1.31136649282605
-2.01741856107138
-0.209765371061403
0.11628936070452
-1.08274480517311
0.189374296376401
1.37401370653134
-0.0596969847845837
0.126744199101583
1.82996172971808
0.965829478176291
0.0741039318315498
1.47910057127802
1.31755368794032
-0.484552546449819
0.146662015218497
0.696209911168935
-1.05302187721511
-1.26102697276808
0.141950715882585
-0.905370322190899
-1.89831668865704
-0.285366224879133
-0.118064152185686
-1.42084676802302
-0.031696051875177
1.31948179825464
0.280536645474627
0.499839734596181
2.16608620167439
1.14181981339709
-0.0752598873807489
1.07594646053179
0.910608448476354
-0.776040922969918
0.108094484052489
1.02162683353379
-0.645183745048262
-0.989527973344177
0.259704063855682
-1.08963532488493
-2.28501521983903
-0.720409505516106
-0.332114874215035
-1.31384438507432
0.285294884186876
1.89600835822313
0.638730043290753
0.598548636732619
1.87868948655689
0.644317845862136
-0.641130770275415
0.726453283814757
0.989448644811123
-0.377730122764965
0.681319558781783
1.5709008148133
-0.371095926838513
-1.23200532624696
-0.368673135789674
-1.6813858822952
-2.817252937176
-0.835974293646549
0.0677793136590586
-0.584532187813386
0.974188655361663
2.21597940710761
0.521406299748814
-0.00624673082450987
1.12248095518582
0.0762063644000351
-0.855519328677834
1.093520485071
1.73696757329329
0.422073951484107
1.10463619426243
1.50094978477218
-1.02268646952922
-2.08228368866609
-1.19513802325139
-2.03244056946247
-2.51340449918179
-0.0106832879507825
1.09020897111796
0.0962110640947253
1.10990425343705
1.7892310600257
-0.356143259086252
-0.985469821095163
0.5791405711266
0.161384120872502
-0.112990180881026
2.1719656186236
2.70168262148248
0.859141310572853
0.709464462874219
0.518925074969533
-2.11150974360645
-2.97243798450679
-1.30686634609075
-1.36461558360095
-1.39842185970303
1.09945654833776
1.70135112516523
-0.00430376116141601
0.251635770625008
0.590427349260185
-1.37876870650578
-1.40113985187663
0.899587266911509
1.2362336805756
1.07640810228694
2.9741549130081
2.83793150779657
0.152378103407166
-0.49168244618109
-0.657649972169709
-2.76434383973061
-2.78679608829163
-0.41810009662675
-0.0261094401319717
-0.241397385809728
1.46520748627486
1.33432123639436
-1.09296244934624
-1.15235029255249
-0.393805972932587
-1.46792023565084
-0.701858283874827
2.25089017774741
2.57953630063194
1.86979226482389
2.8592564590717
1.7793670489632
-1.28260792721331
-1.78367032382367
-1.16707557828288
-2.31937594249542
-1.64967009346154
1.05433881999802
1.03597368823895
-0.107450090938737
0.749882463306084
-0.0629854369395507
-2.53853523716119
-1.9668480079472
-0.268362306426372
-0.408509521218754
0.801551625864429
3.61028571771721
3.20464663683381
1.39914178164785
1.50642294629924
0.299952083769388
-2.41997731958062
-2.05997305722241
-0.475726774499396
-0.825447662839602
-0.156085834202358
1.9564144482104
1.00272607948462
-1.08643965269889
-0.80798786680531
-1.42241300413468
-3.06778958715004
-1.58395494286064
1.03360483235549
1.24022086791662
1.9536718138824
3.78888548483882
2.44227319873561
-0.0961701273210956
-0.0256027035805558
-0.618261573460551
-2.34924169151713
-1.05559263091962
1.15207882284663
0.489937597770609
0.483796159239586
1.4744629378242
-0.312606742908393
-2.71527816037363
-2.09015591521917
-1.64902484006823
-2.35258680631591
-0.193051931625049
2.57194256499334
2.21796702849644
1.95617189183445
2.81841468722325
0.960883922750807
-1.41391044898079
-0.752901940325594
-0.227184651019903
-1.18551744302746
0.437964344756269
2.24589657769396
0.841762023868087
-0.245148766335061
0.0821415387093082
-1.75645719635344
-3.60552278762031
-2.00220834249015
-0.693036614415888
-0.838797478124392
1.17254181542031
3.28990824435351
1.90916750920236
0.744412369890656
1.26892247502783
-0.186626206268363
-1.82552329143067
-0.13587481929295
1.05883520335872
0.27269289727036
1.27224531264716
2.24158981286394
0.00152654221418898
-1.71794849463833
-1.16971271926221
-2.31964784293092
-3.31841261192923
-0.932787855288183
0.727301260393741
0.356032352221262
1.49988787204422
2.68090777051076
0.716563628369736
-0.548777211254566
0.480954418561952
-0.167206918112975
-0.980867725204797
1.09596933684712
2.24186894605206
0.886782038586625
0.992015601611623
1.3114040351122
-1.31712008954804
-2.71599626929173
-1.47314802307259
-1.73778179504921
-2.23105904620134
0.249157986375631
1.51810925697522
0.317925370673048
0.757510240208193
1.50245422155348
-0.372971914833719
-1.03547797702118
0.707981069881664
0.723630433692387
0.136604226271155
1.93633800641165
2.47629477207133
0.3361659590266
0.0142445716154846
0.258458391052505
-1.91185036528211
-2.76963615499057
-0.835249835554641
-0.727160570064147
-1.33548885285609
0.590577480979703
1.38051697932639
-0.415414499323261
-0.244599933512484
0.816557474887669
-0.493482236836317
-0.6461862671043
1.49928603576682
1.6638306905215
0.67438399995717
1.92512445058276
1.953830848701
-0.426114823637759
-0.828809566533613
-0.113293529677887
-1.63517348241447
-2.03556147783157
-0.0968451502631152
-0.183204284382449
-1.16548432051056
0.195912099931026
0.699968991914151
-1.07712748734338
-0.583537083002557
0.973663540917237
0.0365730714742814
0.0307171613905054
2.01121155138651
1.82259873443972
0.389469192415912
1.28450471185366
1.34431735931723
-0.849407237346555
-0.854430703488732
0.291948656760043
-1.127860013439
-1.61611331629138
0.0898583920466633
-0.335123533653185
-1.64131303168379
-0.286550865675322
0.376197750315849
-1.05039193275168
-0.348907055300944
1.39352906216795
0.5207757803358
0.136179946014194
1.9013061757878
1.45595343237248
-0.00800602306305133
0.9636998494394
1.32910822435139
-0.523181869223247
-0.494427030777939
0.64021274967562
-0.936685657388117
-1.76250386817914
-0.330234365473519
-0.688058807190129
-1.83391155267797
-0.257587267939268
0.646635038663925
-0.568350198510793
0.0248521665168394
1.50406163255519
0.378703765165538
-0.250186169714924
1.48749136102751
1.23650675594068
0.0273040414450357
1.29433535832771
1.73168613967043
-0.250115898600639
-0.443454910716502
0.317299882680648
-1.37312768235568
-2.2135990851004
-0.498159854629899
-0.528598461988883
-1.47996721355876
0.136019183525649
1.0909152709138
-0.541626017261252
-0.318595556712318
0.964197883684051
-0.0901260780882492
-0.519730006272908
1.56543414723159
1.7215100356116
0.616778821370407
1.75578239312456
1.8544634953128
-0.575405147465082
-1.07499074469524
-0.325250972944236
-1.75625571019542
-2.12984757029279
-0.0509278649623497
0.179885685811374
-0.788930000717458
0.364594966913624
0.851009651015751
-1.148575331657
-1.05392626715355
0.515686885113769
-0.174578830870869
0.00222516592940996
2.38869643378383
2.56064230618938
1.00643497141129
1.44932256183414
1.19015241895656
-1.38789558323527
-1.82765678242309
-0.523522024310128
-1.32040966877265
-1.34353130026755
0.814737420082396
0.825603775061195
-0.838833174450712
-0.276353822120255
-0.165078398593469
-2.03747660706677
-1.45880676102395
0.74558987363763
0.788175531276003
1.02650855970233
3.1474137626152
2.7223597031297
0.494573152716745
0.416003646658009
0.0972768905890648
-2.12354138212341
-1.81855996225339
0.243538839159863
-0.135806383624312
-0.341706816050382
1.25323922656282
0.566789374553191
-1.77570251940968
-1.46737842677084
-1.05301425193031
-2.15230960315127
-0.913460956064095
1.90230558949676
1.9737399383201
1.77012322976232
3.09952311736028
1.89279042269425
-0.778577631888439
-0.689146670033235
-0.367943886497515
-1.71729702912412
-0.790773431296209
1.49458353238849
0.831060789197875
-0.138159506548324
0.589701025781912
-0.673506965428599
-3.10259365275094
-2.26495413537002
-0.927007370103997
-1.21472639050672
0.514730902145728
3.16902786368699
2.55516897599019
1.43603536016741
1.89133690080452
0.552767485869153
-1.90863518465928
-1.03651481210243
0.240541601228943
-0.394992577074322
0.651695719066757
2.39066033886682
0.850655223887623
-1.12409001643313
-0.835926227365935
-1.96269658778373
-3.71161994776546
-1.95482440726105
0.30047346711511
0.273528507601838
1.6187149862526
3.47866299535623
1.95233518560703
0.0148814164383365
0.373065741619032
-0.416662910931175
-1.90368702583389
-0.0708941923045185
1.75368548265648
0.980186483459536
1.18499750467222
1.99314377585351
-0.423444758175986
-2.69824834290344
-2.15160384780422
-2.33867460552529
-2.98704297856224
-0.47910021791397
1.84719249642159
1.32615429180191
1.62924158883512
2.47519028987513
0.406408470790639
-1.46284665068159
-0.352040534389651
-0.0218610723311393
-0.681402008457725
1.47359352938735
3.07276034851486
1.36454371807934
0.497694951651093
0.588885457277028
-1.89245902893287
-3.68257651653657
-2.19267335708407
-1.30889721467734
-1.47044340562221
0.892436651818441
2.62744851663102
1.02310323256772
0.426379480292518
0.97920252857171
-0.781667710071484
-1.85089457081462
0.321012700925048
1.30583052117282
0.862828040050178
2.44687518156404
3.08821268253094
0.495878060225054
-1.0233108676248
-0.869386528740115
-2.63610761010978
-3.4800422375702
-1.02709626448482
0.240244086233284
-0.17902210512007
1.30184764727681
2.06688548480128
-0.160739488401051
-1.01343842182638
-0.0189725564214217
-0.895117265998558
-0.981540635880688
1.69508806971053
2.65696380834641
1.60582438045657
2.11819595831775
1.97570177201309
-0.948926969298709
-2.16627143042695
-1.30711599122538
-2.04567084395451
-2.28084551395116
0.34923283956098
1.15477184210534
-0.137031836450569
0.498940282667031
0.747068786588839
-1.47355442573835
-1.71276983039345
0.155153104232278
0.211266661399473
0.330974198895001
2.75895876826977
3.13966862765378
1.09563383981049
0.971147946239149
0.710858991360487
-1.81611690476099
-2.36009179148539
-0.641929997060388
-0.862116545299931
-1.119893747861
0.945605955976314
1.04760313096277
-0.985693888141332
-0.72373524876792
-0.155263912900192
-1.70511772022449
-1.26155593294382
1.2281330699403
1.36434171565017
1.06440056115103
2.81386232571895
2.45582028689651
0.0702527184240472
-0.0240450876943318
0.185411178258835
-1.66781136481995
-1.53909182026289
0.369238279940069
-0.0364716585134118
-0.828194107289413
0.51831236074265
0.131203827276148
-1.89306224330459
-1.37165223043978
-0.15195664905378
-1.13987607739655
-0.39767686221164
1.99883473458804
1.81691969045107
0.921176757522707
2.12071972927993
1.62276163497677
-0.594057553269373
-0.231733936136794
0.6160762614656
-0.868593846023861
-0.784832653002466
0.866405505931805
-0.0191895871608824
-1.31755687254384
-0.262511753688061
-0.485616181611104
-2.15119038045918
-1.12649065219146
0.365718863810315
-0.388741097227916
0.0406502190878832
2.08482609568872
1.48060921068632
0.248593219421828
1.49571931163303
1.29376638959501
-0.533025456816155
0.18203758497052
1.15608921700769
-0.39292176686723
-0.762854100333599
0.569974113263602
-0.469075743630831
-1.86344986012561
-0.534983724655153
-0.436227812708052
-1.8360496322557
-0.623501538144084
0.816948947281935
-0.213475747537107
-0.166846455608997
1.7076479280691
1.02662795004917
0.0640778887910286
1.46343347382116
1.60283121935723
-0.0965126825970868
0.428027657975648
1.25238190685672
-0.581756831094216
-1.13439117048026
0.227844533060291
-0.6680979131538
-1.77499532874843
-0.322177417170867
-0.0131226176566948
-1.45625020836376
-0.647292956368173
0.589940436559307
-0.571442514169767
-0.498259446278613
1.50263783953525
1.2458293743904
0.354249731035901
1.92861523287438
1.96101391045138
-0.147914873316634
0.101265177002798
0.730616984040536
-1.00258863368729
-1.35247168412668
0.406662532413281
-0.206062139007915
-1.35003646001453
0.0148889743735358
-0.00724426564480159
-1.8000318120367
-1.13509765630255
0.137499537199083
-0.69254796899922
-0.33039080255319
2.06164351937185
1.78738532287771
0.750468220315882
1.84856514715513
1.57981945454307
-0.749556958032847
-0.539180840799065
0.478512431320904
-0.795989745756894
-0.785999485318675
1.03744910554819
0.280385175049502
-1.20509510466887
-0.426857922393759
-0.674265954652967
-2.51167445022101
-1.58755776292796
0.281124730170895
-0.122064038649633
0.539621344606903
2.69053666664131
2.12855315574493
0.511014562579928
1.11590552423586
0.734263716195862
-1.31477495123233
-0.605039451957307
1.0192640571317
0.0361442792511994
0.0476577930006517
1.4691358106126
0.134522469428038
-1.91842452074845
-1.34854737138567
-1.46153738595023
-2.7671574490239
-1.19101946867058
1.22770066621167
0.928739072329732
1.14435965077479
2.73788146863077
1.48441908155258
-0.568110093981471
0.150665806235645
0.262124439064161
-1.10878467183857
0.183720735776582
2.11313896076803
1.04061890724611
0.253541789447589
0.923941220390524
-0.8591677201288
-3.13276933057082
-2.18157796335951
-1.42580945612996
-1.98516566906561
-0.0165920636496825
2.35310501329835
1.4575956859965
0.861014302318644
1.79366973734457
0.239311289609449
-1.59684252722126
-0.227033624203228
0.828467098699512
0.120588903409723
1.45532040977162
2.92206458364749
1.00045704114125
-0.583106694406807
-0.358258729342425
-2.07392966190474
-3.73877732032315
-1.90521744642343
-0.348101099271186
-0.558390267084568
1.09436848294966
2.65116190605994
0.964693577161439
-0.376573267562938
0.367331065195601
-0.619395009834319
-1.61780823148549
0.654958248921771
2.26542854438471
1.44248153640855
2.09480282700961
2.6636238113614
-0.148482191730547
-2.10321575875881
-1.65706603130699
-2.48259509260505
-3.1109389380838
-0.624765583733137
1.16414379825586
0.460443101699174
1.10571743195068
1.78110029924796
-0.465400521977729
-1.80552480240317
-0.344696722336679
-0.349552713884123
-0.428656806014453
2.17068538314235
3.47806077073622
1.90660111609493
1.47596432770692
1.25979953116671
-1.66573691270767
-3.13879126025765
-1.77576398579258
-1.55241704142429
-1.60598873581127
0.834688537709615
2.01160506870838
0.223448677317942
-0.0804647753368027
0.2180094776481
-1.79249397349441
-2.19210268361011
0.193505668285575
1.07010077040546
1.07518613963478
3.23580037563457
3.62108172054107
1.00847655706476
-0.0665795337606268
-0.220216737237184
-2.46166549937192
-3.01136461734612
-0.57412609041536
0.0333989030913305
-0.282829753588187
1.2673081593519
1.40824906946159
-1.12140196900793
-1.60438001650793
-0.817142054702377
-1.82634909425143
-1.40353912252522
1.68281296987396
2.59540223234143
1.87749850731472
3.00735673931475
2.48945520617651
-0.59614349366593
-1.45257432090117
-0.731601790213988
-1.85108072339134
-1.7205128118139
0.900505841446132
1.08892617854854
-0.150805024109599
0.485436565214848
0.0438384977640279
-2.46079279483644
-2.39135357576578
-0.597220736339659
-0.814704299015616
0.11041847876225
2.95773713121624
3.06121318520604
1.43613651029417
1.76471513775473
1.03373447293906
-1.60253441477878
-1.57784186073082
0.022730883562866
-0.545509652733686
-0.384885720241838
1.6246013979837
1.06572118917616
-1.14947607719689
-0.890755534885906
-1.10475476096986
-2.91008053202146
-2.04194940945153
0.523631526846574
0.617899363664482
1.02865800897391
3.12507014299296
2.48004993944737
0.210398691914024
0.51023269575786
0.372501948809717
-1.47997108506257
-0.771082897692009
1.19039992497675
0.478029179831465
-0.0341256682543678
1.20715074326853
-0.0150500454689929
-2.37347195797621
-1.80752798306233
-1.24676704360929
-2.2661627385872
-0.915507088080616
1.59760814291049
1.29212694352902
0.961349214589764
2.33995858044377
1.32315307485421
-0.662706505323683
0.0545256709175454
0.716691333714022
-0.58322352801593
0.244942664751666
1.9455145136191
0.697020839706459
-0.532458157744718
0.214620188872852
-0.933382814946767
-2.84082949753124
-1.72664367712291
-0.47286893281887
-1.35065344594002
-0.128220718218539
1.90704897699129
1.00589726687841
0.164533150862544
1.38138787289956
0.812541917978231
-0.78535242590848
0.505503921760731
1.51794970812841
0.219692198569155
0.551220164814222
1.81173718566532
0.045478851717606
-1.35580020940391
-0.414561542159103
-1.05032769444374
-2.48444679840228
-1.05949257622988
0.150288452538687
-0.864340858796066
-0.206395559581936
1.45593832129409
0.339878504952217
-0.411357115988141
1.1927794558329
1.0335369987568
-0.247771201931269
1.10389221956963
1.96581789046174
0.223428017849078
0.187357210382982
1.19845132635445
-0.391928912719575
-1.60142760058868
-0.299128897077325
-0.627378806637458
-2.0300709990304
-0.749353229268181
0.232947720186612
-1.06610302982111
-0.658511792131901
1.01400079047703
0.157959491961514
-0.355086670946756
1.56633911580925
1.50929353951118
0.0946239961461261
1.13327179168964
1.74670874030153
-0.169564201185285
-0.156683454627517
1.04779588566951
-0.329572610984227
-1.31164001877646
0.0538486471811218
-0.371376189555256
-2.01234085624002
-0.997882763018778
-0.0911087974279875
-1.3456652347029
-0.789020569758235
1.25947778468983
0.598172155565388
0.0865339797190668
1.77473679930419
1.39880659495249
-0.198241306389507
0.610887224344421
1.40445661580543
-0.19136917994908
-0.0227621915997631
1.43775973286986
0.148260221093908
-1.11438758890115
-0.0874085379449681
-0.706756924029812
-2.53999162959329
-1.37687543133161
-0.125241580873023
-1.09220682874828
-0.23373699891229
1.82737221755195
0.964635729596262
-0.0205198569946053
1.3043134008098
0.878139279913225
-0.726053537251705
0.401001729597962
1.66565925699249
0.371232141693872
0.584167050534905
1.88294684055226
0.128633202384172
-1.56093158146633
-0.743763838606278
-1.35919213910923
-2.7892066639116
-1.28117777413343
0.462136141162194
-0.261503315629334
0.381213764343225
1.91117623045897
0.551962084970401
-0.706778054391722
0.500693554348035
0.461432887306867
-0.632644440984834
1.05340239682937
2.50535667778126
1.13956474385633
0.852383058385392
1.52518471281358
-0.663476234699684
-2.51277468678298
-1.53334657003651
-1.45058124508113
-2.23255665405638
-0.313985481695914
1.42596018730379
0.234985027322433
0.188856602332377
1.20891661938992
-0.407718569857295
-1.63289557424096
0.185951653754353
0.810370246226734
0.296903388561696
2.0506293172785
3.22627414761295
1.20822003545803
0.209204839495001
0.38665424559624
-1.70736949686148
-3.10557390902886
-1.32617337613169
-0.568643016206544
-1.0954757052349
0.712388671254614
1.85193368058962
-0.160931770871815
-0.929457599163576
-0.0273048439112834
-1.28097183472479
-1.75833826564293
0.824424911652878
2.0811407968203
1.560574156236
2.76348960691301
3.02325560039307
0.294655108661066
-1.15244129892839
-0.728657382939386
-2.07648198700839
-2.6406604867326
-0.160836795037776
0.850862069139954
-0.0755474805707431
0.790290227716098
1.07150566473343
-1.49081386462117
-2.279742055149
-0.821803994706477
-1.01887049583861
-0.675350890204343
2.2716600540096
3.38796140996927
1.95194925433475
2.11485359460481
1.75057974924192
-1.14470022621546
-2.19278822553456
-0.888008230313991
-1.20480190198217
-1.26292667406878
1.16387119814626
1.68969461710618
-0.292158999295459
-0.379781285679427
-0.457484566409413
-2.7496141734622
-2.69188663751476
-0.230301914580637
0.346895598940502
0.822798166047621
3.39406376248007
3.5144691232362
1.09701626264212
0.702699347315055
0.283466457641638
-1.94969874474634
-2.10743404797184
0.204796167914842
0.311673697192857
0.075054721313058
1.6771265226487
1.13867471980262
-1.64660082501122
-1.91445832084989
-1.55221691191161
-2.85844033888367
-1.93049785857574
1.29112392530545
1.86928391963295
1.74463805312891
3.15520153851402
2.39944772904963
-0.380981726359732
-0.776089858962834
-0.248538776349088
-1.49303116702464
-0.843026822782349
1.69998686290177
1.43490348365699
0.281765342090066
0.834181869087847
-0.293618528977286
-3.13669284691153
-2.80447635340956
-1.41729104541052
-1.73136121493855
-0.360992987468869
2.60821998106886
2.53508267729756
1.31957917613363
1.89427352534132
0.900463636251353
-1.51043569954301
-1.02894740934006
0.547593213122341
-0.0410874679112003
0.662724659120457
2.62523677392788
1.38583850249481
-0.788829544281926
-0.613570517014482
-1.64827988532714
-3.63833165345938
-2.3926067787249
-0.200893970983418
-0.260913421911041
0.736035253088471
2.91411872459624
1.84404733716738
-0.0609955185397543
0.512164057897184
0.0605372650380255
-1.51585381401807
-0.0848332111042884
1.9084227597085
1.20377964367057
1.19425275045353
2.19135526467266
0.253169888885441
-2.17722830757174
-1.69154388024019
-1.83943745587429
-2.97202812044194
-1.22109970263007
1.10974787321274
0.544332418093634
0.69690627113256
1.9919519935122
0.620173908652233
-1.21360973013363
-0.0550422680023339
0.436464922720857
-0.462802733562432
1.11602897923005
2.82451778821624
1.47487344186315
0.496568488074511
1.01829835957752
-0.888261551991832
-2.92704561262854
-1.70274604593842
-1.00626610835337
-1.829913921491
-0.243115677188048
1.58868361413078
0.293613172335952
-0.215873616519361
0.839084314848258
-0.165370407636664
-1.39289998832782
0.48724882586302
1.49083478220557
0.595905931232462
1.69909180749824
2.82566852520972
0.716757144061138
-0.509569943714764
0.114573792420969
-1.25879618174601
-2.64105253526008
-0.941104874629364
-0.072409260252557
-1.10688054405198
-0.0999468616434408
1.15280351385612
-0.516374900798174
-1.10612272025833
0.398071450162319
-0.0895964105406653
-0.744590618358617
1.2951995969347
2.20437406422875
0.842378756372116
1.38503041625127
2.13595513662846
-0.0359597139135278
-1.06779028927148
0.00400046905125309
-0.857057410357815
-1.94500434265249
-0.256830660754921
0.322757215454669
-1.19903957733667
-0.663358249316924
0.494338098103378
-0.947085984923617
-1.2483505664845
0.723818120900507
0.515225601354061
-0.182225489958865
1.5804492742473
2.17796791936994
0.510708376046344
0.831778935033287
1.66548123349873
-0.139193975191605
-0.859882205521257
0.515066367564856
-0.286800267198473
-1.62983691266387
-0.278659514711789
0.0285015153529012
-1.6589380047181
-0.989617425417067
0.377801573493104
-0.737844455436652
-0.882570742274955
1.16554285376647
0.837695992022583
-0.139308828281375
1.34290253646097
1.7636156677167
0.116545908676904
0.724140560140145
1.80196037167873
0.203421791143905
-0.535186016752
0.645630137993772
-0.339967580712048
-1.89986099310642
-0.749132573524269
-0.330028041602865
-1.75309522689659
-0.824301818929665
0.723282047020556
-0.361820055401757
-0.690400738101917
1.02654566510484
0.504731335083442
-0.555791492546841
0.99527618332332
1.76755054068012
0.412837279664108
1.12710998180473
2.13841761679119
0.397483567961518
-0.68926268034948
0.193769646644958
-0.777044091429185
-2.25038651473214
-0.772804457112895
-0.0135230359377733
-1.1428514179655
-0.325059622627483
0.942662925783298
-0.529381400539669
-1.18688405547338
0.386431216268827
0.158641641601156
-0.706146730520072
1.34171862897564
2.37058061456144
1.01284464182127
1.35202419109661
2.03093024727839
-0.149109227857809
-1.47021507088395
-0.405839312115453
-0.949832557321342
-1.95745369480643
-0.159358678030753
0.738008385987374
-0.680611749213733
-0.43232433527396
0.47122261397126
-1.27247387444928
-1.90905392504699
0.106413593024691
0.343410474445989
0.021196951540088
2.17679916492602
3.09477250533628
1.1895905390689
0.88258309468351
1.16543542597421
-0.995631393548976
-2.02063321158027
